21840849
21870020
21866333
21877408
21873658
21893241
21896135
21886237
21902569
21906955
21916195
21913110
21916276
21829489
21906416
21910006
21906068
21867917
19697392
21616493
21480273
21539898
21128731
20932421
20907753
21899126
21852391
21852502
21852693
21852871
21853312
21850844
21851204
21852170
21929068
21956650
21761027
21667039
21628750
21604118
21597197
21585318
21862982
21863660
21886490
21888582
21858144
21847177
21912580
21927073
21936218
21852421
21859922
21902577
21926522
13923781
13968068
15359409
15412431
15412652
16502000
17391385
18754341
18795668
18805337
20170327
20222319